220902163000 Лева  2 2000 1 1
220906180000 Влад  2 2000 1 1
220909160000 Дима  2 2000 1 1
220910160000 Серж  2 2000 1 1
220913160000 Дана  1 1000 1 1
220913180000 Влад  2 2000 1 1
220914160000 Коля  2 2000 1 1
220914183000 Дима  2 2000 1 1
220915160000 Эрик  2 2000 1 1
220916160000 Дима  2 2000 1 1
220917130000 Дана  1 1000 1 1
220917163000 Серж  2 2000 1 1
220917180000 Настя 2 2000 1 1
220919214308 Дамир 2 2000 1 1
220920201828 Дана  1 1000 1 1
220920201844 Влад  2 2000 1 1
220921205358 Коля  2 2000 1 1
220921205410 Дима  2 2000 1 1
220922161149 Эрик  2 2000 1 1
220923200753 Дима  2 2000 1 1
220923200801 Лева  2 2000 1 1
220924192927 Дана  1 1000 1 0
220924193007 Серж  2 2000 1 1
220924193025 Настя 2 2000 0 1
