220902163000 Лева⋅ 2 2000 1 1
220906180000 Влад⋅ 2 2000 1 1
220909160000 Дима⋅ 2 2000 1 1
220910160000 Серго 2 2000 1 1
220913160000 Дана⋅ 1 1000 1 1
220913180000 Влад⋅ 2 2000 1 1
220914160000 Коля⋅ 2 2000 1 1
220914183000 Дима⋅ 2 2000 1 1
220915160000 Эрик⋅ 2 2000 1 1
220916160000 Дима⋅ 2 2000 1 1
220917130000 Дана⋅ 1 1000 1 1
220917163000 Серго 2 2000 1 1
220917180000 Настя 2 2000 1 1
220919214308 Дамир 2 2000 1 1
220920201828 Дана⋅ 1 1000 1 1
220920201844 Влад⋅ 2 2000 1 1
220921205358 Коля⋅ 2 2000 1 1
220921205410 Дима⋅ 2 2000 1 1
220922161149 Эрик⋅ 2 2000 1 1
220923200753 Дима⋅ 2 2000 1 1
220923200801 Лева⋅ 2 2000 1 1
220924192927 Дана⋅ 1 1000 1 1
220924193007 Серго 2 2000 1 1
220924193025 Настя 2 2000 1 1
220927193045 Дана⋅ 1 1000 1 1
220927193101 Влад⋅ 2 2000 1 1
220928182846 Дима⋅ 2 2000 1 1
220929183348 Эрик⋅ 2 2000 1 1
220930181832 Дима⋅ 2 2000 1 1
221001205923 Левик 2 2000 1 1
221001210426 Дана⋅ 1 1000 1 1
221001210504 Настя 2 2000 1 1
221003200021 Фёдор 2 2000 1 1
221003200036 Серго 2 2000 1 1
221003203606 Эрик⋅ 2 2000 1 1
221004214512 Дана⋅ 1 1000 1 1
221004214531 Влад⋅ 2 2000 1 1
221005220954 Дима⋅ 2 2000 1 1
221006181122 Коля⋅ 2 2000 1 1
221006180034 Эрик⋅ 2 2000 1 1
221007201406 Дима⋅ 2 2000 1 1
221007201758 Лева⋅ 2 2000 1 1
221008162307 Левик 2 2000 1 1
221010191704 Фёдор 2 2000 1 1
221010191909 Серго 2 2000 1 1
221010192542 Эрик⋅ 2 2000 1 1
221011211955 Дана⋅ 1 1000 1 1
221011212004 Влад⋅ 2 2000 1 1
221012160000 Коля⋅ 2 2000 1 1
221012210225 Дима⋅ 2 2000 1 1
221013193549 Дамир 2 2000 1 1
221013193600 Эрик⋅ 2 2000 1 1
221014193143 Лева⋅ 2 2000 1 1
221015204338 Левик 2 2000 1 1
221015205512 Дана⋅ 1 1000 1 1
221015205522 Настя 2 2000 1 1
221018203253 Снежа 2 2000 1 1
221018203327 Влад⋅ 2 2000 1 1
221018203533 Дана⋅ 1 1000 1 1
221019205148 Коля⋅ 2 2000 1 1
221019205207 Дима⋅ 2 2000 1 1
221020212521 Дамир 2 2000 1 1
221020212530 Эрик⋅ 2 2000 1 1
221021221938 Дима⋅ 2 2000 1 1
221021222003 Лева⋅ 2 2000 1 1
221021222057 Левик 2 2000 1 1
221022142410 Дана⋅ 1 1000 1 1
221023201939 Настя 2 2000 1 1
221024222650 Фёдор 2 2000 1 1
221024222711 Эрик⋅ 2 2000 1 1
221024222755 Левик 2 2000 1 1
221025141557 Снежа 2 2000 1 1
221025203051 Влад⋅ 2 2000 1 1
221025203107 Дана⋅ 1 1000 1 1
221026212120 Коля⋅ 2 2000 1 1
221026212134 Дима⋅ 2 2000 1 1
221027181500 Эрик⋅ 2 2000 1 1
221028195843 Дима⋅ 2 2000 1 1
221028195909 Лева⋅ 2 2000 1 1
221029184052 Левик 2 2000 1 1
221029184115 Ярик⋅ 1 1000 1 1
221029184153 Дана⋅ 1 1000 1 1
221031212141 Левик 2 2000 1 1
221031212312 Фёдор 2 2000 1 1
221101130526 Настя 2 2000 1 1
221103183438 Дамир 2 2000 1 1
221104192515 Фёдор 2 2000 1 1
221104192529 Серго 2 2000 1 1
221104192541 Лева⋅ 2 2000 1 1
221105212847 Настя 2 2000 1 1
221105212930 Ярик⋅ 1 1000 1 1
221107210722 Фёдор 2 2000 1 1
221107210752 Серго 2 2000 1 1
221107210808 Эрик⋅ 2 2000 1 1
221107210901 Левик 1 1000 1 1
221108201846 Влад⋅ 2 2000 1 1
221108201857 Дана⋅ 1 1000 1 1
221109210442 Коля⋅ 2 2000 1 1
221109210455 Дима⋅ 2 2000 1 1
221110195259 Дамир 2 2000 1 1
221110195321 Эрик⋅ 2 2000 1 1
221111193703 Фёдор 2 2000 1 1
221111193740 Лева⋅ 2 2000 1 1
221112193641 Дана⋅ 1 1000 1 1
221112193711 Настя 2 2000 1 1
221112193821 Левик 2 2000 1 1
221112195357 Ярик⋅ 1 1000 1 1
221114204856 Фёдор 2 2000 1 1
221114204925 Серго 2 2000 1 1
221114205039 Левик 2 2000 1 1
221115215528 Даня⋅ 2 2000 1 1
221115215539 Влад⋅ 2 2000 1 1
221115215548 Дана⋅ 1 1000 1 1
221116204848 Дима⋅ 2 2000 1 1
221117200812 Эрик⋅ 2 2000 1 1
221119210024 Дана⋅ 1 1000 1 1
221119210044 Левик 2 2000 1 1
221119210129 Ярик⋅ 1 1000 1 1
221120200647 Лева⋅ 2 2000 1 1
221120200657 Настя 2 2000 1 1
221122223436 Роман 2 2000 1 1
221122223455 Даня⋅ 2 2000 1 1
221122223506 Влад⋅ 2 2000 1 1
221122223524 Дана⋅ 1 1000 1 1
221123185855 Роман 2 2000 1 1
221123185904 Коля⋅ 2 2000 1 1
221124204812 Эрик⋅ 2 2000 1 1
221124204828 Лёва⋅ 2 2000 1 1
221125153222 Роман 2 2000 1 1
221126202459 Дана⋅ 1 1000 1 1
221126202537 Лёвик 2 2000 1 1
221126202551 Настя 2 2000 1 1
221128180017 Эрик⋅ 2 2000 1 1
221128193029 Лёвик 2 2000 1 1
221129235149 Влад⋅ 2 2000 1 1
221129235214 Даня⋅ 2 2000 1 1
221129235934 Роман 2 2000 1 1
221130210146 Роман 2 2000 1 1
221130210208 Дима⋅ 2 2000 1 1
221201203120 Эрик⋅ 2 2000 1 1
221202190046 Дима⋅ 2 2000 1 1
221203202659 Дана⋅ 1 1000 1 1
221203202711 Лёвик 2 2000 1 1
221203180055 Настя 2 2000 1 1
221204172343 Роман 2 2000 1 1
221205194005 Лёва⋅ 2 2000 1 1
221205194016 Серго 2 2000 1 1
221205194034 Эрик⋅ 2 2000 1 1
221206163008 Даня⋅ 2 2000 1 1
221206180011 Влад⋅ 2 2000 1 1
221206193023 Дана⋅ 1 1000 1 1
221207120051 Роман 2 2000 1 1
221207183001 Дима⋅ 2 2000 1 1
221208201400 Эрик⋅ 2 2000 1 1
221209193826 Дима⋅ 2 2000 1 1
221209193836 Лёва⋅ 2 2000 1 1
221210175858 Дана⋅ 1 1000 1 1
221210175933 Лёвик 2 2000 1 1
221210175958 Настя 2 2000 1 1
221212194028 Эрик⋅ 2 2000 1 1
221213023122 Роман 2 2000 1 1
221213023148 Даня⋅ 2 2000 1 1
221213023212 Влад⋅ 2 2000 1 1
221213023304 Дана⋅ 1 1000 1 1
221214210632 Коля⋅ 2 2000 1 1
221214210650 Дима⋅ 2 2000 1 1
221216192220 Дима⋅ 2 2000 1 1
221216192236 Лёва⋅ 2 2000 1 1
221217203159 Дана⋅ 1 1000 1 1
221217203836 Лёвик 2 2000 1 1
221217203850 Настя 2 2000 1 1
221219201230 Лёвик 2 2000 1 1
221219201240 Эрик⋅ 2 2000 1 1
221220205340 Даня⋅ 2 2000 1 1
221220205400 Влад⋅ 2 2000 1 1
221220205639 Дана⋅ 1 1000 1 1
221221205655 Коля⋅ 2 2000 1 1
221221205716 Дима⋅ 2 2000 1 1
221222204244 Дамир 2 2000 1 1
221222204254 Эрик⋅ 2 2000 1 1
221223194604 Дима⋅ 2 2000 1 1
221223194619 Лёва⋅ 2 2000 1 1
221224200522 Дана⋅ 1 1000 1 1
221224200534 Даня⋅ 1 1000 1 1
221224200544 Настя 2 2000 1 1
221226192550 Серго 2 2000 1 1
221226192620 Эрик⋅ 2 2000 1 1
230105211335 Даня⋅ 1 1000 1 1
230108211409 Даня⋅ 2 2000 1 1
230109211427 Эрик⋅ 2 2000 1 1
230109211436 Настя 2 2000 1 1
230110202130 Даня⋅ 2 2000 1 1
230110202146 Влад⋅ 2 2000 1 1
230110202241 Дана⋅ 1 1000 1 1
230111195810 Коля⋅ 2 2000 1 1
230111195822 Дима⋅ 2 2000 1 1
230112195832 Эрик⋅ 2 2000 1 1
230113035604 Дима⋅ 2 2000 1 1
230113035620 Лёва⋅ 2 2000 1 1
230114200627 Дана⋅ 1 1000 1 1
230114200644 Лёвик 2 2000 1 1
230114200659 Настя 2 2000 1 1
230115173842 Лёвик 2 2000 1 1
230115174005 Даня⋅ 2 2000 1 1
230116193945 Серго 2 2000 1 1
230116193958 Эрик⋅ 2 2000 1 1
230117174026 Даня⋅ 2 2000 1 1
230118193755 Коля⋅ 2 2000 1 1
230119193809 Дамир 2 2000 1 1
230119193827 Эрик⋅ 2 2000 1 1
230120212044 Дима⋅ 2 2000 1 1
230120212054 Лёва⋅ 2 2000 1 1
230121205358 Дана⋅ 1 1000 1 1
230121205434 Лёвик 2 2000 1 1
230121231339 Даня⋅ 2 2000 1 1
230121205459 Настя 2 2000 1 1
230122212615 Лёвик 2 2000 1 1
230123220725 Эрик⋅ 2 2000 1 1
230123220734 Настя 2 2000 1 1
230124225000 Влад⋅ 2 2000 1 1
230124225018 Дана⋅ 1 1000 1 1
230125183023 Дима⋅ 2 2000 1 1
230126153038 Дамир 2 2000 1 1
230126183044 Эрик⋅ 2 2000 1 1
230127201858 Дима⋅ 2 2000 1 1
230127201914 Лёва⋅ 2 2000 1 1
230128210112 Дана⋅ 1 1000 1 1
230128210159 Лёвик 2 2000 1 1
230128210125 Даня⋅ 2 2000 1 1
230128210210 Настя 2 2000 1 1
230129131515 Лёвик 2 2000 1 1
230130213236 Серго 2 2000 1 1
230130213250 Лёвик 2 2000 1 1
230130213324 Настя 2 2000 1 1
230131222148 Даня⋅ 2 2000 1 1
230131222224 Влад⋅ 2 2000 1 1
230131222240 Дана⋅ 1 1000 1 1
230201191951 Коля⋅ 2 2000 1 1
230202202316 Эрик⋅ 2 2000 1 1
230203181436 Дима⋅ 2 2000 1 1
230204210536 Дана⋅ 1 1000 1 1
230204210550 Лёвик 2 2000 1 1
230204210617 Даня⋅ 1 1000 1 1
230204210634 Настя 2 2000 1 1
230205193401 Лёвик 2 2000 1 1
230205193804 Лёва⋅ 2 2000 1 1
230206212751 Серго 2 2000 1 1
230206212814 Эрик⋅ 2 2000 1 1
230206212829 Настя 2 2000 1 1
230207230014 Даня⋅ 2 2000 1 1
230207230042 Влад⋅ 2 2000 1 1
230207230101 Дана⋅ 1 1000 1 1
230208181224 Лёвик 2 2000 1 1
230209201950 Дамир 2 2000 1 1
230209201959 Эрик⋅ 2 2000 1 1
230210231450 Дима⋅ 2 2000 1 1
230211203754 Дана⋅ 1 1000 1 1
230211203817 Лёвик 2 2000 1 1
230211203933 Даня⋅ 2 2000 1 1
230211203949 Настя 2 2000 1 1
230212133051 Лёвик 2 2000 1 1
230213212316 Серго 2 2000 1 1
230213212328 Эрик⋅ 2 2000 1 1
230213212339 Настя 2 2000 1 1
230214212453 Даня⋅ 2 2000 1 1
230214212524 Дима⋅ 2 2000 1 1
230214212440 Дана⋅ 2 2000 1 1
230215212542 Коля⋅ 2 2000 1 1
230215212604 Дима⋅ 2 2000 1 1
230216183006 Эрик⋅ 1 1000 1 1
230218130017 Лёвик 2 2000 1 1
230218170042 Настя 2 2000 1 1
230219140033 Лёвик 2 2000 1 1
230220153046 Настя 2 2000 1 1
230221201750 Даня⋅ 2 2000 1 1
230221201810 Влад⋅ 2 2000 1 1
230222154529 Коля⋅ 2 2000 1 1
230224204326 Даня⋅ 2 2000 1 1
230224204335 Лёва⋅ 2 2000 1 1
230225204346 Настя 2 2000 1 1
230227212350 Серго 2 2000 1 1
230227212404 Настя 2 2000 1 1
230228163000 Даня⋅ 1 1000 1 1
230228180000 Влад⋅ 2 2000 1 1
230301190648 Коля⋅ 2 2000 1 1
230303195115 Лёва⋅ 2 2000 1 1
230304222508 Лёвик 2 2000 1 1
230304222536 Даня⋅ 2 2000 1 1
230304222549 Настя 2 2000 1 1
230306210858 Серго 2 2000 1 1
230306210916 Эрик⋅ 2 2000 1 1
230306210925 Настя 2 2000 1 1
230307232924 Даня⋅ 1 1000 1 1
230307232941 Влад⋅ 2 2000 1 1
230307232953 Дана⋅ 1 1000 1 1
230309201217 Дамир 2 2000 1 1
230309201243 Эрик⋅ 2 2000 1 1
230310195701 Дима⋅ 2 2000 1 1
230310195711 Лёва⋅ 2 2000 1 1
230311191614 Дана⋅ 1 1000 1 1
230311191630 Лёвик 2 2000 1 1
230311191648 Даня⋅ 1 1000 1 1
230312211831 Лёвик 2 2000 1 1
230313212404 Серго 2 2000 1 1
230313212428 Эрик⋅ 2 2000 1 1
230313212438 Дана⋅ 1 1000 1 1
230314212710 Даня⋅ 1 1000 1 1
230314212719 Влад⋅ 2 2000 1 1
230315205836 Коля⋅ 2 2000 1 1
230315205853 Дима⋅ 2 2000 1 1
230316200145 Эрик⋅ 2 2000 1 1
230317200042 Дима⋅ 2 2000 1 1
230317200108 Лёва⋅ 2 2000 1 1
230317200124 Дана⋅ 1 1000 1 1
230318215123 Даня⋅ 1 1000 1 1
230319171235 Лёвик 2 2000 1 1
230320234238 Эрик⋅ 2 2000 1 1
230320234246 Лёвик 2 2000 1 1
230321225150 Даня⋅ 1 1000 1 1
230322204059 Коля⋅ 2 2000 1 1
230322204109 Дима⋅ 2 2000 1 1
230323200604 Дамир 2 2000 1 1
230323200632 Эрик⋅ 2 2000 1 1
230324195547 Дима⋅ 2 2000 1 1
230324195606 Лёва⋅ 2 2000 1 1
230325205723 Даня⋅ 2 2000 1 1
230326214450 Лёвик 2 2000 1 1
230327205704 Серго 2 2000 1 1
230327205720 Эрик⋅ 2 2000 1 1
230328215943 Дана⋅ 1 1000 1 1
230328215957 Влад⋅ 2 2000 1 1
230328220007 Даня⋅ 1 1000 1 1
230329195947 Дима⋅ 2 2000 1 1
230330200654 Эрик⋅ 2 2000 1 1
230331212317 Дима⋅ 2 2000 1 1
230331212326 Лёва⋅ 2 2000 1 1
230331212338 Лёвик 2 2000 1 1
230401202456 Дана⋅ 1 1000 1 1
230401202510 Даня⋅ 1 1000 1 1
230402163649 Лёвик 2 2000 1 1
230403193159 Серго 2 2000 1 1
230403193213 Эрик⋅ 2 2000 1 1
230404204402 Даня⋅ 1 1000 1 1
230404193235 Влад⋅ 2 2000 1 1
230404204418 Дана⋅ 1 1000 1 1
230405205014 Дима⋅ 2 2000 1 1
230406202248 Дамир 2 2000 1 1
230406202303 Эрик⋅ 2 2000 1 1
230407200236 Дима⋅ 2 2000 1 1
230407200248 Лёва⋅ 2 2000 1 1
230408163715 Лёвик 2 1000 1 1
230409165947 Лёвик 2 2000 1 1
230411193250 Влад⋅ 2 2000 1 1
230411221611 Дана⋅ 1 1000 1 1
230411221637 Даня⋅ 1 1000 1 1
230412161500 Коля⋅ 2 2000 1 1
230413224434 Дамир 2 2000 1 1
230414224255 Лёва⋅ 2 2000 1 1
230415211002 Лёвик 2 2000 1 1
230415211017 Даня⋅ 2 2000 1 1
230417193959 Серго 2 2000 1 1
230417194011 Эрик⋅ 2 2000 1 1
230418221647 Даня⋅ 1 1000 1 1
230418221700 Влад⋅ 2 2000 1 1
230418221716 Дана⋅ 1 1000 1 1
230419205600 Коля⋅ 2 2000 1 1
230419205611 Дима⋅ 2 2000 1 1
230420205826 Эрик⋅ 2 2000 1 1
230421192911 Дима⋅ 2 2000 1 1
230422235750 Даня⋅ 2 2000 1 1
230423220231 Лёвик 2 2000 1 1
230423220258 Даня⋅ 2 2000 1 1
230424203204 Лёва⋅ 2 2000 1 1
230425222724 Даня⋅ 1 1000 1 1
230425222735 Влад⋅ 2 2000 1 1
230425222746 Дана⋅ 1 1000 1 1
230426204649 Коля⋅ 2 2000 1 1
230426204701 Дима⋅ 2 2000 1 1
230427191728 Дамир 2 2000 1 1
230428181700 Дима⋅ 2 2000 1 1
230429195002 Дана⋅ 1 1000 1 1
230429195014 Даня⋅ 1 1000 1 1
230430161859 Лёва⋅ 2 2000 1 1
230430161933 Даня⋅ 2 1000 1 1
230501193814 Лёва⋅ 2 2000 1 1
230501193940 Даня⋅ 1 1000 1 1
230501194010 Эрик⋅ 2 2000 1 1
230502224034 Влад⋅ 2 2000 1 1
230503234524 Коля⋅ 2 2000 1 1
230503234535 Дима⋅ 2 2000 1 1
230504201805 Дамир 2 2000 1 1
230504201824 Эрик⋅ 2 2000 1 1
230505193304 Дима⋅ 2 2000 1 1
230506181527 Лёвик 2 2000 1 1
230506220137 Даня⋅ 2 1000 1 1
230508220137 Даня⋅ 1 1000 1 1
230510200852 Коля⋅ 2 2000 1 1
230510200902 Лёва⋅ 2 2000 1 1
230511201241 Дамир 2 2000 1 1
230511201250 Эрик⋅ 2 2000 1 1
230512202251 Дима⋅ 2 2000 1 1
230512202300 Лёва⋅ 2 2000 1 1
230513214241 Дана⋅ 1 1000 1 1
230513214545 Даня⋅ 1 1000 1 1
230515211513 Серго 2 2000 1 1
230516224240 Влад⋅ 2 2000 1 1
230516224255 Даня⋅ 1 1000 1 1
230516224601 Лёвик 1 1000 1 1
230517183000 Дима⋅ 2 2000 1 1
230518200814 Дамир 2 2000 1 1
230518183000 Эрик⋅ 2 2000 1 1
230519200446 Дима⋅ 2 2000 1 1
230519200503 Лёва⋅ 2 2000 1 1
230520123049 Дана⋅ 1 1000 1 1
230520133013 Лёвик 2 2000 1 1
230520160758 Коля⋅ 2 2000 1 1
230520190207 Даня⋅ 1 1000 1 1
230521161834 Лёвик 2 2000 1 1
230522190838 Серго 2 2000 1 1
230522190858 Эрик⋅ 2 2000 1 1
230523204217 Влад⋅ 2 2000 1 1
230523204230 Даня⋅ 1 1000 1 1
230524220410 Коля⋅ 2 2000 1 1
230524220440 Дима⋅ 2 2000 1 1
230524220448 Даня⋅ 1 1000 1 1
230525201530 Дамир 2 2000 1 1
230525201549 Эрик⋅ 2 2000 1 1
230526180921 Дима⋅ 2 2000 1 1
230527192018 Дана⋅ 1 1000 1 1
230528194324 Влад⋅ 2 2000 1 1
230530223607 Лёва⋅ 2 2000 1 1
230531223445 Дима⋅ 2 2000 1 1
230531223458 Дамир 2 2000 1 1
230601190626 Дана⋅ 1 1000 1 1
230607161328 Дима⋅ 2 2000 1 1
230608164456 Дана⋅ 1 1000 1 1
230608164542 Серго 2 2000 1 1
230613193415 Даня⋅ 1 1000 1 1
230614200335 Даня⋅ 1 1000 1 1
230620214904 Даня⋅ 1 1000 1 1
230627183921 Даня⋅ 2 2000 1 1
230704154601 Даня⋅ 2 2000 1 1
230705200907 Даня⋅ 1 1000 1 1
230711154926 Даня⋅ 2 2000 1 1
230712185756 Даня⋅ 1 1000 1 1
230718221159 Даня⋅ 2 2000 1 1
230719181007 Даня⋅ 1 1000 1 1
230725153928 Даня⋅ 2 2000 1 1
230726203110 Даня⋅ 1 1000 1 1
230802170956 Даня⋅ 2 2000 1 1
230804220522 Коля⋅ 2 2000 1 1
230808171210 Даня⋅ 6 1500 1 1
230809220112 Даня⋅ 6 1500 1 1
230810214427 Алина 8 2000 1 1
230811181636 Коля⋅ 8 2000 1 1
230815200951 Даня⋅ 6 1500 1 1
230831205814 Свят⋅ 5 1250 1 1
