230905212500 Даня⋅ 5 1250 1 1
230906194714 Даня⋅ 5 1250 1 1
230906194804 Свят⋅ 9 2250 1 1
230907210133 Даня⋅ 5 1250 1 1
230913182006 Свят⋅ 9 2250 1 1
230914212532 Алина 0 2500 1 1
230915192807 Даня⋅ 5 1250 1 1
230918195232 Влад⋅ 9 2250 1 1
230919180132 Даня⋅ 5 1250 1 1
230920180132 Даня⋅ 5 1250 1 1
230921213608 Алина 0 2500 1 1
230922194812 Коля⋅ 0 2500 1 1
230922194832 Даня⋅ 5 1250 1 1
230923202008 Свят⋅ 9 2250 1 1
230925180039 Влад⋅ 9 2250 1 1
230926214409 Даня⋅ 5 1250 1 1
230927163036 Свят⋅ 9 2250 1 1
230927180049 Даня⋅ 5 1250 1 1
230928204328 Алина 0 2500 1 1
230929190826 Коля⋅ 0 2500 1 1
230929190844 Даня⋅ 5 1250 1 1
231002180045 Влад⋅ 9 2250 1 1
231003191505 Даня⋅ 5 1250 1 1
231004180007 Даня⋅ 5 1250 1 1
231005204635 Дана⋅ 5 1250 1 1
231005204649 Алина 0 2500 1 1
231006153025 Коля⋅ 0 2500 1 1
231009203343 Влад⋅ 9 2250 1 1
231010191132 Свят⋅ 9 2250 1 1
231010191149 Даня⋅ 5 1250 1 1
231011201409 Даня⋅ 5 1250 1 1
231012210354 Дана⋅ 5 1250 1 1
231012210408 Алина 0 2500 1 1
231013153031 Коля⋅ 0 2500 1 1
231013180030 Даня⋅ 5 1250 1 1
231016192357 Дана⋅ 5 1250 1 1
231016192419 Влад⋅ 9 2250 1 1
231017180040 Даня⋅ 5 1250 1 1
231018194417 Даня⋅ 5 1250 1 1
231019213720 Дана⋅ 5 1250 1 1
231019213730 Алина 0 2500 1 1
231020205905 Коля⋅ 0 2500 1 1
231020205921 Даня⋅ 5 1250 1 1
231023194509 Влад⋅ 9 2250 1 1
231024232944 Свят⋅ 9 2250 1 1
231024232957 Даня⋅ 5 1250 1 1
231025193733 Даня⋅ 5 1250 1 1
231026204450 Дана⋅ 5 1250 1 1
231031182649 Даня⋅ 9 2250 1 1
231031182705 Свят⋅ 9 2250 1 1
231101154804 Даня⋅ 6 1500 1 1
231102155009 Свят⋅ 9 2250 1 1
231103185449 Коля⋅ 0 2500 1 1
231105164938 Влад⋅ 9 2250 1 1
231107154829 Даня⋅ 5 1250 1 1
231107221825 Даня⋅ 5 1250 1 1
231107221837 Свят⋅ 9 2250 1 1
231108200534 Даня⋅ 5 1250 1 1
231108200548 Даня⋅ 5 1250 1 1
231110211648 Коля⋅ 0 2500 1 1
231110211701 Свят⋅ 9 2250 1 1
231112160522 Влад⋅ 9 2250 1 1
231113170026 Дана⋅ 5 1250 1 1
231114194130 Свят⋅ 9 2250 1 1
231114194153 Даня⋅ 5 1250 1 1
231115192048 Даня⋅ 5 1250 1 1
231116194101 Дана⋅ 5 1250 1 1
231117132136 Коля⋅ 0 2500 1 1
231119154533 Ника⋅ 5 1250 1 1
231119154551 Влад⋅ 9 2250 1 1
231119160551 Даня⋅ 5 1250 1 1
231120184803 Дана⋅ 5 1250 1 1
231121163029 Свят⋅ 9 2250 1 1
231121181519 Даня⋅ 5 1250 1 1
231122233255 Даня⋅ 5 1250 1 1
231123222712 Альфа 0 2500 1 1
231124210930 Коля⋅ 0 2500 1 1
231126182312 Ника⋅ 9 2250 1 1
231126182324 Влад⋅ 9 2250 1 1
231126182343 Даня⋅ 5 1250 1 1
231127181915 Дана⋅ 5 1250 1 1
231128182358 Даня⋅ 5 1250 1 1
231128163055 Свят⋅ 9 2250 1 1
231129221843 Даня⋅ 5 1250 1 1
231201153006 Коля⋅ 0 2500 1 1
231203180146 Ника⋅ 9 2250 1 1
231203180201 Влад⋅ 9 2250 1 1
231203180218 Даня⋅ 5 1250 1 1
231204185318 Дана⋅ 5 1250 1 1
231205192947 Свят⋅ 9 2250 1 1
231205193024 Даня⋅ 5 1250 1 1
231206180055 Даня⋅ 9 2250 1 1
231207170057 Дана⋅ 5 1250 1 1
231207180032 Даня⋅ 5 1250 1 1
231208182049 Коля⋅ 0 2500 1 1
231210205639 Ника⋅ 9 2250 1 1
231210163040 Даня⋅ 5 1250 1 1
231212163000 Свят⋅ 9 2250 1 1
231210205731 Даня⋅ 5 1250 1 1
231213181500 Даня⋅ 6 1500 1 1
231214202844 Дана⋅ 5 1250 1 1
231214202859 Свят⋅ 9 2250 1 1
231215153059 Коля⋅ 0 2500 1 1
231217120040 Ника⋅ 9 2250 1 1
231217134752 Влад⋅ 9 2250 1 1
231217163000 Даня⋅ 5 1250 1 1
231218180547 Макс⋅ 9 2250 1 1
231218193000 Дана⋅ 5 1250 1 1
231219002732 Даня⋅ 5 1250 1 1
231219194737 Свят⋅ 9 2250 1 1
231219194749 Даня⋅ 5 1250 1 1
231220200739 Макс⋅ 9 2250 1 1
231220200805 Даня⋅ 5 1250 1 1
231222153032 Коля⋅ 0 2500 1 1
231222203040 Дана⋅ 5 1250 1 1
231224183623 Ника⋅ 9 2250 1 1
231224183635 Влад⋅ 9 2250 1 1
231224183649 Даня⋅ 5 1250 1 1
231225194212 Макс⋅ 9 2250 1 1
231226181513 Даня⋅ 5 1250 1 1
231227193300 Макс⋅ 9 2250 1 1
231227193315 Даня⋅ 5 1250 1 1
240105202344 Коля⋅ 0 2500 1 1
240107211645 Влад⋅ 9 2250 1 1
240107211722 Даня⋅ 5 1250 1 1
240109212157 Даня⋅ 5 1250 1 1
240110212210 Даня⋅ 5 1250 1 1
240114163020 Даня⋅ 5 1250 1 1
240114171526 Даня⋅ 5 1250 1 1
240108221226 Макс⋅ 9 2250 1 1
240109190820 Свят⋅ 9 2250 1 1
240110193344 Макс⋅ 9 2250 1 1
240112193453 Коля⋅ 0 2500 1 1
240114181743 Ника⋅ 9 2250 1 1
240114181753 Влад⋅ 9 2250 1 1
240116181833 Даня⋅ 5 1250 1 1
240117181845 Даня⋅ 5 1250 1 1
240120181853 Даня⋅ 5 1250 1 1
240115205446 Макс⋅ 9 2250 1 1
240117200426 Макс⋅ 9 2250 1 1
240119183734 Коля⋅ 0 2500 1 1
240120202653 Свят⋅ 9 2250 1 1
240120202702 Даня⋅ 5 1250 1 1
240121153433 Влад⋅ 9 2250 1 1
240121153442 Ника⋅ 9 2250 1 1
240122210526 Даня⋅ 5 1250 1 1
240122210536 Макс⋅ 9 2250 1 1
240123200939 Свят⋅ 9 2250 1 1
240123200958 Даня⋅ 5 1250 1 1
240128180117 Ника⋅ 9 2250 1 1
240128180136 Влад⋅ 9 2250 1 1
240128180209 Даня⋅ 5 1250 1 1
240129204123 Макс⋅ 9 2250 1 1
240130195209 Свят⋅ 9 2250 1 1
240130195216 Даня⋅ 5 1250 1 1
240131184946 Даня⋅ 5 1250 1 1
240204191603 Ника⋅ 9 2250 1 1
240204191617 Влад⋅ 9 2250 1 1
240204191639 Даня⋅ 9 2250 1 1
240206221125 Свят⋅ 9 2250 1 1
240206221134 Даня⋅ 5 1250 1 1
240207193605 Макс⋅ 9 2250 1 1
240207193612 Даня⋅ 5 1250 1 1
240209194139 Коля⋅ 0 2500 1 1
240210163818 Дана⋅ 5 1250 1 1
240211182259 Ника⋅ 9 2250 1 1
240211182308 Влад⋅ 9 2250 1 1
240211182328 Даня⋅ 9 2250 1 1
240212204603 Дана⋅ 5 1250 1 1
240213201205 Свят⋅ 9 2250 1 1
240213201214 Даня⋅ 5 1250 1 1
240214201829 Макс⋅ 9 2250 1 1
240214201838 Даня⋅ 5 1250 1 1
240216025357 Коля⋅ 0 2500 1 1
240218160603 Ника⋅ 9 2250 1 1
240218160640 Влад⋅ 9 2250 1 1
240219203640 Дана⋅ 5 1250 1 1
240219203707 Макс⋅ 9 2250 1 1
240220162320 Даня⋅ 0 2500 1 1
240220194331 Свят⋅ 9 2250 1 1
240221181335 Даня⋅ 9 2250 1 1
240221181354 Макс⋅ 9 2250 1 1
240225150050 Ника⋅ 0 2500 1 1
240225150240 Даня⋅ 9 2250 1 1
240226211630 Дана⋅ 5 1250 1 1
240226211659 Макс⋅ 9 2250 1 1
240227231554 Даня⋅ 5 1250 1 1
240228192501 Макс⋅ 9 2250 1 1
240228192518 Даня⋅ 5 1250 1 1
240301170045 Коля⋅ 0 2500 1 1
240303183747 Ника⋅ 9 2250 1 1
240303183758 Влад⋅ 9 2250 1 1
240303183811 Даня⋅ 9 2250 1 1
240304210543 Дана⋅ 5 1250 1 1
240304210557 Макс⋅ 9 2250 1 1
